0
7
8
9
11
12
13
15
16
19
24
25
26
27
28
29
37
38
39
41
42
46
49
50
51
52
55
58
59
62
67
69
72
73
75
76
77
79
81
85
90
94
106
113
116
117
118
126
128
129
130
131
134
139
141
142
143
150
152
153
154
155
156
160
163
165
167
168
169
170
172
176
178
179
180
181
183
189
191
192
193
194
195
198
202
203
204
205
206
207
208
211
217
220
221
222
225
228
230
233
241
242
243
244
245
246
248
250
254
256
257
258
259
261
263
264
268
269
270
271
272
274
279
282
284
285
287
295
298
300
307
308
310
313
316
320
322
325
329
331
332
333
334
336
337
344
348
349
353
356
358
359
361
370
373
377
381
382
385
389
393
394
401
405
406
