1
3
6
10
12
13
16
18
27
30
31
33
35
38
39
41
42
44
46
50
52
53
54
61
62
63
65
69
73
74
76
89
91
93
94
95
107
109
110
111
113
114
115
116
119
120
121
124
126
127
130
132
134
139
143
146
148
152
154
158
161
166
167
168
172
173
178
181
183
184
189
191
192
194
195
201
205
207
214
227
230
236
239
240
246
247
251
254
258
266
268
269
272
273
276
281
289
293
295
296
297
298
301
303
306
310
315
325
326
329
336
339
343
344
352
353
355
356
359
360
362
363
367
371
372
377
378
380
382
383
386
395
400
402
405
407
408
409
410
412
413
414
416
417
425
428
430
433
434
447
448
452
455
456
465
466
467
469
473
476
484
493
499
502
508
509
511
514
519
520
521
523
524
525
527
529
531
545
549
560
564
570
572
573
577
579
580
583
584
585
596
601
605
618
620
621
623
633
635
636
640
641
644
652
654
656
657
658
665
675
676
678
679
681
682
685
690
691
692
696
697
701
706
713
716
717
723
725
727
730
731
732
735
737
741
745
747
748
751
758
765
766
768
777
781
786
787
788
791
792
793
794
801
802
803
804
807
809
814
820
821
832
833
837
838
843
844
845
847
849
850
853
854
855
858
860
863
865
869
870
874
878
879
884
888
889
891
893
894
898
899
900
905
906
909
911
913
916
919
920
921
932
937
945
950
951
954
955
956
959
961
963
965
966
967
969
972
974
975
977
981
1001
1006
1007
1010
1011
1012
1015
1016
1017
1021
1023
1025
1030
1033
1036
1038
1042
1049
1055
1057
1066
1067
1068
1071
1073
1079
1081
1082
1084
1086
1087
1092
1094
1098
1100
1110
1113
1117
1122
1124
1127
1137
1139
1142
1148
1154
1165
1169
1173
1175
1180
1181
1183
1185
1186
1187
1188
1192
1193
1196
1198
1199
1210
1225
1233
1235
1236
1239
1240
1241
1242
1249
1251
1252
1254
1256
1266
1269
1270
1278
1280
1281
1283
1285
1291
1292
1296
1305
1307
1308
1310
1313
1318
1321
1322
1323
1326
1327
1335
1343
1347
1348
1349
1353
1356
1361
1363
1364
1366
1368
1369
1377
1378
1382
1385
1393
1398
1401
1403
1404
1408
1409
1411
1412
1414
1419
1422
1423
1427
1434
1435
1437
1438
1441
1448
1455
1457
1458
1459
1460
1461
1463
1464
1465
1468
1473
1474
1475
1476
1478
1480
1481
1483
1490
1492
1494
1500
1501
1504
1507
1512
1513
1515
1516
1520
1522
1524
1531
1532
1533
1534
1535
1537
1545
1546
1547
1550
1556
1557
1570
1571
1572
1575
1576
1578
1580
1585
1586
1587
1588
1591
1593
1594
1601
1602
1607
1612
1619
1622
1626
1627
1628
1632
1633
1643
1644
1647
1649
1658
1659
1662
1666
1668
1671
1680
1682
1683
1684
1687
1688
1689
1690
1697
1698
1699
1700
1702
1703
1707
1715
1718
1722
1724
1731
1733
1736
1738
1739
1740
1742
1743
1746
1747
1748
1750
1753
1755
1756
1758
1759
1771
1777
1780
1787
1792
1794
1795
1796
1798
