0
1
3
13
16
27
28
31
32
33
34
35
36
38
41
43
45
47
50
51
54
55
62
64
70
71
74
75
90
93
98
111
112
113
116
117
121
122
126
128
132
134
136
148
150
154
158
165
169
170
171
175
176
184
186
187
192
203
206
208
210
212
213
216
220
224
227
228
229
234
240
243
244
245
249
250
253
256
266
270
283
285
286
287
289
291
294
296
300
301
302
303
306
308
313
319
328
332
341
343
344
345
347
350
358
361
362
366
368
369
386
389
394
401
402
403
407
409
414
415
416
419
420
421
422
424
435
441
444
459
460
461
463
466
474
476
478
482
490
493
495
498
500
504
508
510
517
518
519
522
525
532
534
536
540
543
564
568
583
590
592
593
596
597
598
614
634
637
638
648
650
651
655
656
672
676
690
696
698
699
707
708
709
714
717
730
734
738
739
750
754
756
764
766
767
770
776
781
788
792
795
803
804
808
811
812
813
814
815
820
822
823
824
825
828
830
843
849
850
852
853
854
866
875
876
877
880
882
885
887
898
907
919
923
928
929
932
934
936
939
942
944
953
969
980
983
985
987
989
990
993
995
996
1001
1012
1017
1036
1037
1040
1041
1042
1046
1048
1050
1051
1053
1055
1058
1063
1077
1083
1093
1094
1097
1105
1107
1110
1112
1113
1123
1124
1131
1140
1149
1150
1151
1154
1164
1166
1169
1170
1181
1197
1199
1202
1207
1208
1209
1211
1214
1220
1221
1224
1226
1238
1254
1259
1260
1264
1265
1268
1269
1278
1280
1283
1295
1316
1320
1321
1322
1324
1326
1335
1337
1338
1340
1343
1352
1356
1363
1368
1373
1377
1378
1379
1384
1394
1395
1397
1399
1400
1408
1409
1410
1413
1414
1423
1425
1434
1435
1436
1441
1446
1454
1455
1459
1465
1466
1470
1481
1482
1493
1496
1497
1501
1508
1509
1511
1513
1516
1523
1524
1538
1539
1545
1550
1554
1555
1556
1565
1566
1567
1580
1596
1606
1607
1610
1611
1613
1615
1622
1623
1629
1636
1637
1638
1641
1645
1663
1664
1668
1679
1680
1683
1685
1693
1694
1695
1699
1704
1710
1720
1721
1722
1724
1725
1727
1736
1737
1739
1740
1744
1751
1752
1755
1761
1772
1777
1778
1781
1784
1786
1788
1793
1794
1796
1797
1818
1830
1833
1834
1835
1836
