1
3
13
16
27
29
31
32
33
35
37
38
39
47
52
53
54
61
63
69
70
73
74
89
91
93
95
109
110
111
113
114
115
119
120
121
124
126
130
132
133
134
143
146
148
152
166
167
168
172
173
181
183
184
189
195
205
230
236
239
240
241
244
245
246
251
257
266
269
273
276
281
284
289
291
295
296
297
298
301
303
306
326
336
344
352
355
356
360
362
371
373
378
380
395
398
400
402
407
408
409
412
413
414
415
417
425
428
430
433
440
441
447
448
452
457
465
467
469
473
476
493
508
511
514
520
521
523
525
529
545
549
560
564
570
577
579
580
583
584
585
601
605
608
613
620
623
633
635
636
640
641
644
654
657
665
668
675
676
679
681
682
690
691
692
697
701
706
713
717
721
731
732
735
737
741
745
747
748
751
752
766
786
787
788
791
792
793
794
799
801
802
803
804
807
809
820
833
838
843
844
845
853
854
855
858
860
863
865
874
884
888
889
894
899
900
905
906
909
911
913
916
919
921
932
937
945
950
951
954
955
956
959
961
963
965
966
969
971
972
974
977
982
1003
1006
1007
1010
1011
1012
1015
1016
1017
1021
1023
1025
1026
1030
1033
1041
1042
1049
1057
1066
1067
1068
1079
1081
1084
1086
1087
1098
1100
1113
1124
1127
1137
1139
1142
1143
1154
1165
1169
1175
1180
1183
1186
1192
1193
1196
1198
1210
1225
1235
1236
1239
1240
1249
1251
1252
1254
1266
1270
1281
1291
1292
1296
1305
1307
1308
1310
1313
1321
1322
1323
1326
1327
1335
1343
1347
1348
1349
1353
1363
1364
1366
1368
1369
1377
1378
1382
1398
1403
1404
1409
1414
1420
1422
1423
1427
1434
1435
1439
1448
1455
1458
1459
1460
1463
1464
1468
1475
1478
1480
1483
1490
1500
1504
1506
1511
1512
1515
1516
1517
1520
1521
1522
1524
1531
1532
1533
1545
1546
1547
1550
1556
1570
1571
1572
1575
1576
1578
1580
1587
1588
1594
1601
1602
1603
1607
1612
1619
1622
1626
1627
1628
1629
1632
1634
1638
1643
1644
1647
1649
1658
1662
1668
1671
1682
1683
1684
1687
1688
1690
1699
1700
1702
1703
1707
1722
1724
1731
1733
1736
1738
1739
1740
1742
1743
1746
1748
1750
1752
1755
1756
1758
1759
1771
1774
1777
1780
1787
1792
1794
1795
1796
