0
2
4
7
10
11
12
13
15
19
20
24
25
26
27
28
29
33
37
38
39
50
51
52
55
61
63
64
68
72
74
75
76
77
79
87
89
90
93
95
98
100
101
103
111
113
114
116
117
118
121
124
127
128
129
130
131
137
138
139
141
142
143
152
154
155
162
164
166
167
170
174
175
176
177
182
183
186
188
189
190
191
200
202
204
205
212
213
214
215
218
219
224
228
230
233
235
236
238
240
248
249
250
252
259
260
262
264
268
272
274
276
281
286
289
298
301
305
309
312
313
321
322
324
325
329
333
334
337
342
346
347
349
353
357
365
368
373
380
382
385
389
394
