1
3
11
13
16
27
29
31
32
33
35
37
43
49
53
54
55
62
64
70
74
75
90
92
96
100
108
111
112
113
115
116
120
121
125
127
131
133
135
144
147
149
151
153
154
157
161
166
168
169
170
171
173
174
176
182
184
185
190
192
196
206
210
223
225
226
227
231
237
240
241
242
246
247
248
258
267
271
278
282
283
284
287
290
292
296
297
298
299
302
304
307
327
332
339
340
341
345
353
356
357
361
363
372
378
381
396
397
401
403
408
409
410
413
414
415
416
418
426
429
431
434
436
444
446
459
467
469
471
475
478
495
499
503
504
511
512
514
517
524
526
528
532
548
566
574
581
583
584
587
588
589
592
605
609
617
625
628
638
640
641
644
645
646
649
651
662
666
670
671
677
678
682
685
687
688
696
697
698
703
707
712
719
723
726
739
742
744
752
754
755
758
773
776
779
780
782
783
784
792
796
799
800
801
802
807
809
810
811
812
815
817
828
837
853
862
863
864
867
869
872
874
883
899
909
910
913
915
916
919
921
923
926
929
931
942
947
966
967
970
972
974
976
977
980
982
983
988
993
1007
1013
1022
1023
1024
1025
1027
1028
1029
1033
1035
1037
1038
1040
1042
1045
1053
1054
1061
1070
1075
1080
1081
1092
1094
1097
1099
1100
1111
1113
1127
1129
1132
1133
1137
1138
1141
1151
1153
1156
1157
1168
1184
1189
1193
1194
1195
1196
1198
1201
1207
1208
1211
1213
1225
1246
1250
1251
1252
1255
1256
1265
1267
1270
1282
1286
1293
1297
1298
1307
1308
1309
1310
1313
1322
1324
1325
1327
1330
1338
1339
1340
1343
1344
1353
1355
1364
1366
1371
1381
1382
1384
1386
1387
1395
1396
1400
1411
1412
1418
1423
1425
1428
1433
1439
1441
1442
1446
1453
1454
1468
1469
1479
1480
1483
1484
1488
1495
1498
1499
1500
1503
1510
1526
1536
1537
1541
1542
1543
1552
1553
1554
1566
1567
1568
1571
1575
1593
1594
1597
1598
1600
1602
1609
1610
1616
1623
1624
1625
1629
1634
1639
1645
1650
1651
1655
1666
1667
1670
1672
1681
1685
1691
1696
1703
1706
1707
1708
1711
1712
1714
1723
1724
1726
1727
1731
1748
1761
1764
1765
1768
1771
1775
1780
1781
1783
1784
1796
1799
1802
1803
1805
1808
1820
1821
1822
