1
3
11
13
16
27
29
31
32
33
35
37
43
49
53
54
55
62
64
70
74
75
90
92
96
100
108
111
112
113
116
117
121
122
126
128
132
134
136
145
148
150
152
154
155
158
162
167
169
170
171
172
174
175
177
183
185
186
191
193
197
207
211
224
226
227
228
232
238
241
242
243
247
248
249
259
268
272
279
283
284
285
288
291
293
297
298
299
300
303
305
308
328
333
340
341
342
346
354
357
358
362
364
373
379
382
397
398
402
404
409
410
411
414
415
416
417
419
427
430
432
435
437
445
447
460
468
470
472
476
479
496
500
504
505
512
513
515
518
525
527
529
533
549
567
575
582
584
585
588
589
590
593
606
610
618
626
629
639
641
642
645
646
647
650
652
663
667
671
672
678
679
683
686
688
689
697
698
699
704
708
713
720
724
727
740
743
745
753
755
756
759
774
777
780
781
783
784
785
793
797
800
801
802
803
808
810
811
812
813
816
818
829
838
854
863
864
865
868
870
873
875
884
900
910
911
914
916
917
920
922
924
927
930
932
943
948
967
968
971
973
975
977
978
981
983
984
989
994
1008
1014
1023
1024
1025
1026
1028
1029
1030
1034
1036
1038
1039
1041
1043
1046
1054
1055
1062
1071
1076
1081
1082
1093
1095
1098
1100
1101
1112
1114
1128
1130
1133
1134
1138
1139
1142
1152
1154
1157
1158
1169
1185
1190
1194
1195
1196
1197
1199
1202
1208
1209
1212
1214
1226
1247
1251
1252
1253
1256
1257
1266
1268
1271
1283
1287
1294
1298
1299
1308
1309
1310
1311
1314
1323
1325
1326
1328
1331
1339
1340
1341
1344
1345
1354
1356
1365
1367
1372
1382
1383
1385
1387
1388
1396
1397
1401
1412
1413
1419
1424
1426
1429
1434
1440
1442
1443
1447
1454
1455
1469
1470
1480
1481
1484
1485
1489
1496
1499
1500
1501
1504
1511
1527
1537
1538
1542
1543
1544
1553
1554
1555
1567
1568
1569
1572
1576
1594
1595
1598
1599
1601
1603
1610
1611
1617
1624
1625
1626
1630
1635
1640
1646
1651
1652
1656
1667
1668
1671
1673
1682
1686
1692
1697
1704
1707
1708
1709
1712
1713
1715
1724
1725
1727
1728
1732
1749
1762
1765
1766
1769
1772
1776
1781
1782
1784
1785
1797
1800
1803
1804
1806
1809
1821
1822
1823
